$ANSIBLE_VAULT;1.1;AES256
35316233376166383563396538353661306435326639386439663939316339313866353463643266
6535333432623437383231396133333030646461666563660a343130373565363532376561653163
34386261396135326166363631616236303765323161363033633338373739373530373236316465
3633393236343634370a313965333236633538623633613137303530393531333839323034666439
64343161613931623439333330666439626233343031343533346135353439303539373866633130
34653432646238313733646634373762353833666662313933393137666430313633393032396461
34383030373663356666336630616465353332653833373565326237343639333932303961353765
64323033396461636462613431386463643166316337343732393739373364333539653461386365
30343137346436643365323930616330653738373539333363383265366462346634663062376162
66313137363063613661613763616365316636666162663465333034373734343033393937366263
61393638333237646437643164316363663532383234376166303339656466633839316264633431
37613637623335336438363861393035386131646635353863653263653831323430373431373639
36666163316339633565313162353066306638666564356361613864383639376232353535633466
63373131346165663439366533643363633264303762333138663562616538393338666461393933
66366632643132326664636634613166323265326538303761633434323263313438333864373531
37663333643831356534396466303938323865666532353366346266323535646561303237363465
66643265353336346365336463323539386630303765626133633339613232306461
